image: ㄱ
resolution: 0.062500
origin: [0, 0, 0.000000]
negate: 0
occupied_thresh: 0.45
free_thresh: 0.196
